$ANSIBLE_VAULT;1.1;AES256
63633364653236626534326331333430316230386533313766666434356232333435303433636339
3361346538616366653963303865616238313466613038360a393062366330316265396537313063
61376362326531363832303363323961353163623766626333316561653233663363626631643539
6631623232393363660a303236663134616635653365363334653065643835346563353830326533
33353931613965373031343933626666396664643731386565643861626639663462336263336232
35303132623838333934633839636431363231633261376263636432336536653639383466633262
37313638613361386434316464333864613136643734366130383635613561663931356361353265
31653262626638303334303339613064656134363332313664646137346139323832383839363331
31363961653036343565663462343761326133373038646335343239393164383966373266313734
33313562303761386332393631636563393133633465613766633661366536346466646238636666
63613662323738623939373638633635663936353761336530313833626437356563383762396136
34656165383430383336326363306432313235396666613136303434383539326261313862373936
35653834626533666233613739396530323933393861613037316136396332633335653061323431
30396461353536363763636164613539373536636162626665333233333462613236633635313237
35393564353539326361626337663838346262343732356530333330323737306236346533386235
63663363393432343063303166633164663336653833346265663439366234326336373030343131
30343934633034396132663361663734653034383062666565356234363061323964386431343730
37326431656566613836613036346666363238366438646435383937616336613561626362613538
61626538613666636632313961656665636162646338386464373365616266613631306263616230
34356635636261306137376465383265363935333565386433646132363338313262636634393164
65613833343935363238306431303262373061353965613031623161376538326361653866663335
34613664636631323564643139383933626238373537346236383337353039306633396430613332
65373865633534613338363338626236363837363433383335386238626162353839393632656335
38626462316235626432626438366536383131393532333962633864613361333131333639666138
38633962366662656437363432306238336533663161333862666562633262353739373435623136
65373939366337353265346435363362336533393630666539663037383266623131313762646532
31383130343733653263306366626366663631363837326136366637323036626461323935336164
34633531376239333737303064613630346162633636396163623331356530663765613837313665
64346339326639336436623730303534386534333031383434356161366366383931373537336437
34333966316561363661316436656364396562343738613761636531643131613866396139633438
38613835336164336537306530326464326262323265303363346263326230656164386664346566
37393733363838633630353031656565313335366566393430323530363034663030333838616363
66373837393163373964323838336238643732353431373633623665393761383261333965356136
36373332353530316262383732643334653032316139346437373566666138613637396134386462
65326430613635616336656335333761623437383839333138323633666134643535326665393639
31373465653665313661303865316664373865373236353163353463326565643733373738393235
61303332643433343364356663333735333030643838636433393861343435346238303661386365
31613763343335613133653933346263353531643236613030616539333062376531323331663862
32306131373564646434656563666361636439303632383263663265633737303938613538633033
39396339663266613163616661316632333461346565613134323830633331613334663035353764
35313732323764623236366366656133613166626164306561643838383666636633383439313737
61343663353136656532383063653662373536356532376130393532353933393566613337393635
65333164626636313865643330656262643433323033353837313036623934386234383565623931
32316163623036303065303633333038663532393963616439343663373963393562326463626461
62336532653863363832616431376335343436303931326433633434353835386465656631343231
34313366313332343331653933646565643731383031346338613764623763633631396536306266
35633331306339373962663631356636356237373437333431633135613563646537343861323963
66623035636538396537623735653034343336353161396339643263303965623762303065313539
31396663653437643561343462316639306562313231323039623332653134373737626437396130
30623035373131303463336432636462613638626337346637663731366361653763356330303162
65633466343236323563633966646666363763363932363263396565346266353564643437353564
61323963363061366438396435373137653563366630643235313837363333653139643532626434
30616632653133376662366366636536336434663766303439323262303665323032643831333133
39366266376533636565373232626632333536656663366237346161343366353535613165623266
63663838636534336331663138386338663161613332633262383233393731386132383066336333
64613537306431353830396439386538383666663466343966323265623530613434303566366639
61363630373337313333623232393661633834323432356333373739613936316437363631643063
38623333633930336231363530613634336139386537626231393933333232303338613439343933
31313337623861366430653064656335623961383439323936613966633634363039323361646538
65346466633861383539646363613632393430333263333130653437363436633233353436386531
64386133326365353639313132653766613165303266636633353834393136656465326539396461
32376563346265643239353431663761393233613964633230393637653134356261623263343932
39383763303133313864313766363063626431303766323332663164616632626132613439383539
32313362363862626264633765366539353636356238353064316562636533346539663934356533
66623633323632306336643733313864636362336162633931626365353635323334663663396431
62346332396138363661653133383632373231613063316533356434383166646637316635346637
66633134353134656263626165663764613239653939383938343065303139343431646162643938
61303362393533616133366161623964383531383037613239666232633762396534363633306439
32616634346630383731313464316233366662306339333034383866653638303965613831333035
36346336386161356663343038663961313662393534373832303331366131316536333932346165
61366539626664613232663466396339323635653734363334643730633862313837333166326333
65376638666563306138363163613636363332333434663731323134373466353131323231393439
63346263346365663930363237626233376331666331363565666463343939653638303539633661
35363266303830643131613635323539616661666539663966653166626530366431386438633834
66356261653934633162363938663261653934343733393537663962623435306539346162396166
30613635623565343439623830396566613664666532353665633931326663656465363163373030
34383036643662326532303263356135373264383330636431666434316330373338663934616135
64326531333237383230313132373436366663633061386162393635646434353633323566616337
37663230313930363438376333306163343966653736373133326131626334643638376333366135
65646237353038316664613062326231353161643139376233646565336138653439653130643432
37383762306462333730633538363362623038393765383166346331346539303832656132303163
65303766633064633964353032366261326463616337383531616135343165313464613233623132
62383264353238323430313637626533663033343332636237636239383130303465323531663061
31663834616663643765656535366466363666643132623764376566643331303938323833346337
36626261393038663966396165613333326633373732313138393638646133393731376165366663
66626437316262316635663434636362393265363863346361663261613634393164363338366165
61336165623535616431336133363731336561663131336663393734366462313766383537643962
33623939366361393362
