$ANSIBLE_VAULT;1.1;AES256
64373164306161353832373962333331333666396632303435323165313462356231383861633862
6166653264386565386261313062366466663166303862320a343139323963336561376633303962
35663531643330356636616633316234666364323465313431366161346561373830316665633431
6363336339343432650a383431343533613236336161363134633531613865633865356533396331
35663737373938363230653839613230663537653861663538623636613434343938626361646231
38313639663331353230383339623630326339323863393265616262373032626530356461336665
31323963323763343061366566663038303161326666346639626630653038626463663833666465
38326265626135353262313936373332653339393061333935346630383861633032643732613835
34333765623036313164333366613733386666303164656631323865316436326230313362393037
61343930373337303764376462646664613261663566303264613265373665383064366164313062
64643237343065356432623066336633656638633935626135323331353965313366373530323035
65633135356439636363663163386462366534653161626465343266373463616565666463396433
33333634386331303935346362613934386661326335336563656265613833393365656338346231
35306131636634366438376238343162636137626463343166313936663936663634323361356363
63353932393831656161393165333434663937306232613761393138396366616634623863353231
39313365613638343433663836343832396263376661346163346131373361663664643538356333
39376432623531646366323366383030303934326664353036666230386265616435653238643562
35396562653230326333626535396235633537376430643530623337653965333735376163303662
32653332313665313637373461323133376339663466343239386361393230646133633635346236
34336430393230643664306633303236626330656533346138373536326236313362356334666338
36353061353233336432366662313330653465636561323565616237353335336164373631316461
66393164663432303933306262373364373765643362383432393534356435373833616539613738
36653630343238663532663361663236313231636635656535346635306233393166666336633335
66333465396137626433616530333961346663323030623766303961653434343936333066613434
64326436663361666433306238336130636366313665613162333133343534376237323261376662
39303531373335613464316630653232326534636437663962663432346137303264306164366231
35643664613034326663313634353236303535356339373530636664353038303135353436383932
35343964653230323365303761653438393662383238636536356335316631663333346431383938
36656439643063646331343834396439616234663835353665643339313464383731636330343465
30386161636534336561376630343564666333303333393135643565346237383334363461636137
37333133373130373765636232353239653564303363303530396233366539666537356534663661
32393035333231313461383562626131366130616666353435633136323031393564383630646537
31396337363162326363643365363031653738613666343663343432626565323564643137373765
38383330373462333365623939656239643930323236336366323139373031663236386436663065
63356232353663346632383461323764613132633737613135323965343663663566313631646534
62326635336264643963373034656536363438343539363865633433343364363037646532356131
33363866633165386663666332393334646231613564363363336266353337363634626532626336
66303461323534303435313733373832373133373234356365663963333962313034613239356233
64393432373332663133363161626230373731383939303134363435636162363965313664303931
38323432646565366338333966616536383366353332383764326366363437333239613931313862
63383439383436646165663432633136363732393030366636633339643661346136663461383137
32353233613538313462316432626233373731393134616635616234313330613031346130363462
36306566316339656265653430663232626363323139633437613662396234633065356138393632
39366161393437643538366632346365633635333633373739303530396165393765616165636634
32343739353039663730313432333961646437353938396138383265666265393735356531343165
32373339303865653438303662313563363062656233356630643665613833383038653732646331
61616338333664303364653462343930333739613333313036383461646633336266313263666636
33353933333161306337376366643534323963303661386365363563373766366634303739346430
65383635306137656264353838333264323663316438306533303439316532396532376231306633
61663331333537656662366635383565613536333362643433353837653133363430383535373262
64383730653637333561613236336564393438396664303834393336336130366430616563333534
31393761653738653135383736363262346636633831353637666431346364353439363230613830
66396530356665636536363334363561333033613132336663613062633964303436366439326337
38303934623165303663356438633366393135643761666436613264323639643937336161333461
65653464316436323939363130616336616263313663663465613633656536613963363233663764
37643734643434313364353034643230666236613631353639653639656339323861383161313630
66643431383934353666643563383837353166376134366139333665336664663535343431613030
34353734353239363066323330326134623737393637623633653933623138353463383239376365
65636535316136643064646331393764623735633930636137656161383938336164313830313637
39633563643462663833373836646262353663333634393538346162346633643939343938343032
36633438666230346336396463373037393538343266363363303365393761343831353138316661
66663838303133343065616161636662613030316134613135363535656636303030326431366330
35643238306261363933333638313534396364393536643536316133373663366463366237316334
34666433373735623236663939663739383836643062363763353431303935663437313166663539
65316435653235393035343631303939373534393136396234353266636437626436333865383065
66666136316133653034393966393966636134646532373263613032306363663364376565363235
64303166643433373866383339616636336164386465616138346133376539333334396434623732
62333861363765623538313335613433616662303464313038633166653633343534396463656330
61313532316663636234373735376632376133353661306436626232343035316363343031323730
39633539393838643937396162623835326562653665623064613762313735336336613362656366
33653565346663346235333265656663623832386537336464656563363561353335623439306361
65396233623938363463343362323765656637323830666231353962633464393139313165373936
63383330356162396637303462616637336134386434663934346337643033653766363966306438
30323535346431366537376564626664663132613137346364353337383531663134613338316230
32643766623462376631663966336165383434303737373037396235653263346337313166306166
35663965333531336261393537306662343534353430393435653634656235626664653830376535
64373934363932316464383665373237633639643830366166333134636363383338346233626536
39306361326363306464663630623930616362656331373430316538323037616331623261323135
62373139306663393566313634623431373135656161333365666439343231643736336266396239
39363338393861393439303836653033363430663430666633343033643462306464393666623232
39303837366466363766346366643365666536366332646334653764643233306166376163373664
63333632373663316662393365646161613032376261313336313830343763376135376463363564
61373165313530326265393633616635316538393762343939383231633766343437626362346662
38333761353933613162363939623235616131373461666233353862303832363966393030353739
38653265383030643330313037313038396637646430303637666435323561383635316335636366
63626232313637353335396564383331393663303931376230386333646131616439393661356261
32653730383932326334343065643464643437623637393864666535383239383766653935633234
38343266373836623666
