$ANSIBLE_VAULT;1.1;AES256
34383564363931613134376531626139353862356262323333396139646365333032643333323837
6335636235336438636236353962366365316266616664340a623338393837396136333436333764
30346332653135313161313865653865383236616332346164313139643930643130333234633566
3036313739643134630a633635343836666430653032343665643534336561613336373837623634
33323230316462666361666636393832316437653262333632613137386166653831313163323665
32663066393662616466313761383566613535653832653437613539613831663033656136613161
30336463616338636366376436303231386562313666613266636361366136336232353331396561
31396337623331303662353438386466656666313632343530636630333762666162333732316339
33326337623134396430356638313737383935333139663235363736373664343733396164636230
61386537306539656266306664623735643661343930386435633863396538303236663566333737
39333735373664333062346238386435376263373137653666633031303634323037643938666161
36316533396237366365373161383066616437326233323135653530323561323765323438346134
63363636326239646364643334356165616661306434326666643464613539306537393833643834
63646636646333363432613165373761316437333532336531373332366638346331636334386566
35383332656238633234363537623131333363656331346333393633313838376366336334366437
39316162343733343437333631313338613538383230626665386466353633353136636636373936
38623232643933303339613461353764333531333362643364323465363233393639336166343337
38353935373262333064666336623361636566613937643030366666613339383930323633313935
39313131643339643263396335396263383964353736316437303939376231623939356465326432
34336535306536616334623763303338383739616336386232376262393462376339333762666230
63323932616439303264616361373431633264656463383637393963393532613861316438666136
39383835663663666336343235646537363336313237326135326534313233373332303036646438
32353532313237316261643765666335343531313038616261333630333330346130323131343764
38346361383631636637386636653361343366663230373365313633316163303761346165666366
32616266633262333932623061326536353966306636303930336130666637623631636661316439
32313262666465373330336231643534653930356664363230303830316162333338663436613330
65346531663935313634626230393832663964626433666232336466626433383632363831666332
36613039633832633134333631313762363138393738346637666364363132323333373030663934
63383531363336376333313930356535613036633130346438383361626430306230353931626563
37633834343162396234316262366139376536396337643862333737386634306333333030373934
32663164363638366163653230653934373332306634623161363038373534656535643664623635
61643837373232663639363738663531646534636632336436326234626232313538303266643166
66333732346661303232313861613539323035396637313039643163343132316336373036646439
37636136333032306238363839663137303630613165383630616531646264643131326534656539
65323436663136316336313961303837346666646130613734616231646665656633616534626264
33653633393765623433386539306233326433363965386263383662343630633933636234616539
33643034656630666430396462633532326234336230323536616636373033616134396336333938
33383535323861326430656261646566653235306233386237336137353434613731346534303633
37633430333661656461326338666163623266383638663237383930313637383030373263636232
31303862303363316265613931393832663739333965353731643131303133613933636235323533
38346530636263333831316235376635623365373066316639353665393930613431346361613065
62366236646633363934396464346230663230313265666461666433306531326463633037353566
64366330633862303435363764323630663266646162373033303132306537613366373866376166
65353732326233346434396235643365316632653561373536613034373664663133653932373631
34346133353937383234306537326532666461643032323134376566643363653966343761326461
62353162613934326264323036376331613766393838663837306363333866643836333562393134
37663238353963616339326366353961636166303736363663316562626532353236386435623566
63356239396536383133313536666336313039376463343036623637623035396532383464646161
33633535663937376265396566306665386264616461663331613032316436613633626662386361
65383332363130383831656365363434333565306563316437383433383964306336336331356435
35316532333634663061613038633864646261353335393162363562343861316261646431316664
66623766653835656538383163306565396433356130346266316233656630663832343039653163
35306563626465363963303764376636393464396430323664353036616264353339383665653761
39333536316234356464386164653730656130393330393766303761636139316263643361616136
64346230633731386137303066303666303037393437326139623630656233383738616466353764
31333564306234343864383431323565656233666531396634393766383430393862323539323235
36313862616365353061383935623966343664363666373461623930376166636433383566383439
66633366343661346534333434373633323864356265353066663630343135663866363763613933
32626330616336623562346531663635666261636330333066646565323263323064363732313666
31326238646364366362653565386534373863646266393966646239333438643739356337643933
34393563653462363936653035393737313632633566623966623334626335343432636635393038
61323861306136353834656133333434646566383735363065376535616134393430343164623865
38353139653762386437393639623731343439396436356561313430356665393634623466316265
37373030356539616236626263353164313932393330666238313934363130363931313932303433
66353431323738646565613733633239373538373539646634353539653631623761633836636263
37646533616663666332633162316338636535613934363962346333626134313064333862653337
65366435346366306436336530323836366364353632326333333538363039316536366263663632
32373735343965313464383333643936383565663934303132633665623938306331316332663166
32306238333033623364326362343431386532326661333638336438363631373232623335343565
62353635386536323238653932336133633933346333313765623937316363376438366233356463
39303061343238303638626161393837393263316666393062326537313939376164353432383732
37326263376631373738363632663932633164383138313636366563393463396666356437363835
62333364643433346435666330313635663737663266616230663234653233336362653633626437
62613662376433363166346665336136336565643435653639373163646533663363323334623462
39666463373135646234306538656665376434313032353834306638653435303736353030323638
64313338316334323130326666333936353964316636373732376234363433623133323333666236
37356636343764333166346162373935316430633534363833303430303761616133646230306534
31313664373733653436333638656434366532346636633131623465656135373733393066333430
34636634353131333336366363336433653532386337343661323039643433336434353839333935
61346665653563323732386339616532643565633334623466636264666561663463643338363339
39616264353661323665386130643034633161396262643663313362623662623033376163333039
33353230663531396266623132383231306336616361393932366138343335333436356532633838
37346563633637393730366261333737376137333639663965636539353436623939376531356436
34663834356233646537376230326230383232633562643834613264623536393638656363656335
63643265636334313962326531393534343639666131633961623661366662326562306462343266
32343263386533366335303435326330313038306163383964323931323161396665316161663339
62653439653430396430623132626638306539623435306366623732323031643739383764343365
31366466303263306139
